0.384314 0.282353 0
0.337255 0.294118 0
0.294118 0.305882 0
0.25098 0.321569 0
0.211765 0.333333 0
0.172549 0.345098 0
0.133333 0.352941 0
0.0980392 0.364706 0
0.0705882 0.372549 0
0.0392157 0.380392 0
0.0117647 0.388235 0
0 0.396078 0
0 0.403922 0
0 0.411765 0
0 0.415686 0.00392157
0 0.423529 0.0156863
0 0.427451 0.027451
0 0.431373 0.0470588
0 0.435294 0.0705882
0 0.439216 0.0941176
0 0.439216 0.121569
0 0.443137 0.152941
0 0.447059 0.188235
0 0.447059 0.227451
0 0.45098 0.270588
0 0.45098 0.317647
0 0.454902 0.368627
0 0.454902 0.423529
0 0.454902 0.482353
0 0.454902 0.545098
0 0.454902 0.615686
0 0.454902 0.690196
0 0.454902 0.772549
0 0.454902 0.843137
0 0.45098 0.917647
0 0.45098 1
0 0.447059 1
0 0.443137 1
0 0.439216 1
0 0.435294 1
0 0.427451 1
0 0.423529 1
0 0.415686 1
0 0.403922 1
0 0.396078 1
0 0.384314 1
0 0.376471 1
0 0.364706 1
0 0.34902 1
0 0.337255 1
0 0.321569 1
0 0.305882 1
0 0.290196 1
0 0.270588 1
0 0.254902 1
0 0.235294 1
0.0784314 0.215686 1
0.168627 0.192157 1
0.25098 0.176471 1
0.341176 0.156863 1
0.423529 0.137255 1
0.521569 0.117647 1
0.603922 0.101961 1
0.701961 0.0784314 1
0.776471 0.0666667 0.941176
0.862745 0.0470588 0.866667
0.933333 0.0313726 0.796078
1 0.0196078 0.717647
1 0.00784314 0.643137
1 0 0.572549
1 0 0.509804
1 0 0.45098
1 0 0.396078
1 0 0.345098
1 0 0.298039
1 0 0.254902
1 0 0.215686
1 0 0.180392
1 0 0.14902
1 0 0.121569
1 0 0.0941176
1 0 0.0745098
1 0.00392157 0.054902
1 0.0156863 0.0392157
1 0.027451 0.0235294
1 0.0392157 0.0156863
1 0.054902 0.00392157
1 0.0705882 0
1 0.0862745 0
